(array([[0, 0, 0, ..., 0, 0, 0]], dtype=uint8), array([[1, 1, 1, ..., 1, 1, 1]], dtype=uint8), array([[0, 0, 0, ..., 0, 0, 0],
       [0, 0, 0, ..., 0, 0, 0],
       [0, 0, 0, ..., 0, 0, 0],
       ...,
       [0, 0, 0, ..., 0, 0, 0],
       [0, 0, 0, ..., 0, 0, 0],
       [0, 0, 0, ..., 0, 0, 0]], dtype=uint8), array([[1, 1, 1, ..., 0, 0, 0],
       [0, 0, 0, ..., 0, 0, 0],
       [0, 0, 0, ..., 0, 0, 0],
       ...,
       [0, 0, 0, ..., 0, 0, 0],
       [0, 0, 0, ..., 0, 0, 0],
       [0, 0, 0, ..., 0, 0, 0]], dtype=uint8), array([[ 136,    1],
       [ 136,    2],
       [ 137,    3],
       ...,
       [3482, 3479],
       [3483, 3479],
       [3494, 3480]], dtype=uint16), array([[ 137,    1],
       [ 138,    1],
       [ 139,    1],
       ...,
       [3491, 3480],
       [3492, 3480],
       [3493, 3480]], dtype=uint16), array([[32],
       [32],
       [32],
       [32],
       [32],
       [32],
       [32],
       [32],
       [32],
       [32],
       [32],
       [32],
       [32],
       [32],
       [32],
       [32],
       [32],
       [32],
       [32],
       [32],
       [33],
       [33],
       [33],
       [33],
       [33],
       [33],
       [33],
       [33],
       [33],
       [33],
       [33],
       [33],
       [33],
       [33],
       [33],
       [33],
       [33],
       [33],
       [33],
       [33],
       [34],
       [34],
       [34],
       [34],
       [34],
       [34],
       [34],
       [34],
       [34],
       [34],
       [34],
       [34],
       [34],
       [34],
       [34],
       [34],
       [34],
       [34],
       [35],
       [35],
       [35],
       [35],
       [35],
       [35],
       [35],
       [35],
       [35],
       [35],
       [35],
       [35],
       [35],
       [35],
       [35],
       [35],
       [35],
       [35],
       [35],
       [35],
       [36],
       [36],
       [36],
       [36],
       [36],
       [36],
       [36],
       [36],
       [36],
       [36],
       [36],
       [36],
       [36],
       [36],
       [36],
       [36],
       [36],
       [36],
       [36],
       [36]], dtype=uint8))
